97
0
97
97
97
97
97
97
97
97
97
97
97
96
22
0
0
0
0
0
0
4
0
1
0
728
727
387
348
436
475
731
343
550
309
447
688
713
755
757
757
757
757
757
757
757
757
757
757
757
757
757
757
757
757
756
919
1023
925
538
0
0
0
0
0
1023
914
0
0
0
869
5
0
0
0
0
0
1023
1023
1023
0
1017
1013
1013
1017
1008
1016
1016
1018
1016
1019
1018
997
958
1008
1011
998
1014
1013
948
855
773
776
776
775
776
776
776
776
776
776
776
776
776
776
776
776
776
775
776
776
776
809
578
1
0
0
0
0
0
142
148
0
0
0
0
0
0
0
0
0
0
0
0
0
0
0
0
0
0
0
0
0
0
0
0
0
0
0
0
0
0
0
0
0
0
0
0
0
0
0
0
0
0
0
0
0
0
0
0
0
0
0
0
0
0
0
0
0
0
0
0
0
0
0
0
0
0
0
0
0
0
0
0
0
0
0
0
0
0
0
0
0
0
0
0
0
0
0
0
0
0
0
0
0
0
0
0
0
0
0
0
0
0
0
0
0
0
0
0
0
0
0
0
0
0
0
0
0
0
0
0
0
0
0
0
0
0
0
0
0
0
0
0
0
0
0
0
0
0
0
0
0
0
0
0
0
0
0
0
0
0
0
0
0
0
0
0
0
0
0
0
0
0
0
0
0
0
0
0
0
0
0
0
0
0
0
0
0
0
0
0
0
1023
1023
1021
1021
915
915
916
916
917
915
746
681
683
956
956
589
390
684
394
324
364
794
394
816
0
121
121
770
769
109
768
375
761
31
0
237
0
0
277
278
486
815
648
67
766
766
833
352
352
352
0
0
416
545
610
998
1001
859
412
412
412
777
838
793
201
47
157
812
883
1023
1023
988
454
247
0
0
0
0
0
0
0
0
162
513
604
92
6
8
540
540
540
540
540
540
540
540
540
540
540
591
591
590
775
779
778
779
779
779
779
42
1
0
0
0
0
779
778
778
778
778
779
779
779
779
779
779
779
93
2
0
0
0
0
0
778
778
779
778
722
12
0
0
779
779
779
779
327
5
0
778
778
778
778
778
778
778
778
778
778
778
778
778
778
778
778
778
778
778
778
778
778
778
778
778
778
778
779
778
778
777
771
777
777
780
1023
793
789
782
469
1023
777
1023
1023
1023
798
776
602
12
22
0
0
0
0
0
0
0
0
0
0
0
0
0
0
0
0
0
0
0
0
0
0
0
0
0
0
0
0
0
0
0
0
0
0
0
0
0
0
0
0
0
0
0
0
0
0
0
0
0
0
0
0
0
0
0
0
0
0
0
0
0
0
0
0
0
0
0
0
0
0
0
12
0
0
417
0
0
0
0
0
5
3
6
5
4
8
8
10
9
13
11
5
4
4
4
4
4
5
5
5
4
6
6
6
6
7
5
6
7
7
8
8
