RICEVUTO!
0 0
1 0
2 0
3 0
0 0
1 0
2 0
3 0
0 0
1 0
2 0
3 0
0 0
1 0
2 0
3 0
0 277
1 0
2 0
3 0
0 277
1 0
2 0
3 0
0 277
1 0
2 0
3 0
0 277
1 0
2 0
3 0
0 277
1 278
2 0
3 0
0 277
1 278
2 0
3 0
0 277
1 278
2 0
3 0
0 277
1 278
2 0
3 0
0 277
1 278
2 1023
3 0
0 277
1 278
2 1023
3 0
0 277
1 278
2 1023
3 0
0 277
1 278
2 1023
3 0
0 277
1 278
2 1023
3 351
0 277
1 278
2 1023
3 351
0 277
1 278
2 1023
3 351
0 277
1 278
2 1023
3 351
0 277
1 278
2 1023
3 351
0 277
1 278
2 1023
3 351
0 277
1 278
2 1023
3 351
0 277
1 278
2 1023
3 351
0 251
1 278
2 1023
3 351
0 251
1 278
2 1023
3 351
0 251
1 278
2 1023
3 351
0 251
1 278
2 1023
3 351
0 251
1 274
2 1023
3 351
0 251
1 274
2 1023
3 351
0 251
1 274
2 1023
3 351
0 251
1 274
2 1023
3 351
0 251
1 274
2 1023
3 351
0 251
1 274
2 1023
3 351
0 251
1 274
2 1023
3 351
0 251
1 274
2 1023
3 351
0 251
1 274
2 1023
3 356
0 251
1 274
2 1023
3 356
0 251
1 274
2 1023
3 356
0 251
1 274
2 1023
3 356
0 251
1 274
2 1023
3 356
0 251
1 274
2 1023
3 356
0 251
1 274
2 1023
3 356
0 251
1 274
2 1023
3 356
0 239
1 274
2 1023
3 356
0 239
1 274
2 1023
3 356
0 239
1 274
2 1023
3 356
0 239
1 301
2 1023
3 356
0 239
1 301
2 1023
3 356
0 239
1 301
2 1023
3 356
0 239
1 301
2 1023
3 356
0 239
1 301
2 0
3 356
0 239
1 301
2 0
3 356
0 239
1 301
2 0
3 356
0 239
1 301
2 0
3 356
0 239
1 301
2 0
3 227
0 239
1 301
2 0
3 227
0 239
1 301
2 0
3 227
0 239
1 301
2 0
3 227
0 239
1 301
2 0
3 227
0 239
1 301
2 0
3 227
0 239
1 301
2 0
3 227
0 239
1 301
2 0
3 227
0 239
1 301
2 0
3 227
0 239
1 301
2 0
3 227
0 239
1 301
2 0
3 227
0 239
1 301
2 0
3 227
0 239
1 274
2 0
3 227
0 239
1 274
2 0
3 227
0 239
1 274
2 0
3 227
0 239
1 274
2 0
3 227
0 239
1 274
2 527
3 227
0 239
1 274
2 527
3 227
0 239
1 274
2 527
3 227
0 239
1 274
2 527
3 227
0 239
1 274
2 527
3 279
0 239
1 274
2 527
3 279
0 239
1 274
2 527
3 279
0 239
1 274
2 527
3 279
0 239
1 274
2 527
3 279
0 239
1 274
2 527
3 279
0 239
1 274
2 527
3 279
0 239
1 274
2 527
3 279
0 239
1 274
2 527
3 279
0 239
1 274
2 527
3 279
0 239
1 274
2 527
3 279
0 239
1 274
2 527
3 279
0 239
1 266
2 527
3 279
0 239
1 266
2 527
3 279
0 239
1 266
2 527
3 279
0 239
1 266
2 527
3 279
0 239
1 266
2 527
3 279
0 239
1 266
2 527
3 279
0 239
1 266
2 527
3 279
0 239
1 266
2 527
3 280
0 239
1 266
2 527
3 280
0 239
1 266
2 527
3 280
0 239
1 266
2 527
3 280
0 239
1 266
2 527
3 280
0 239
1 266
2 527
3 280
0 239
1 266
2 527
3 280
0 239
1 266
2 527
3 280
0 240
1 266
2 527
3 280
0 240
1 266
2 527
3 280
0 240
1 266
2 527
3 280
0 240
1 266
2 527
3 280
0 240
1 284
2 527
3 280
0 240
1 284
2 527
3 280
0 240
1 284
2 527
3 280
0 240
1 284
2 527
3 280
0 240
1 284
2 609
3 280
